/Users/ashleychen/Desktop/REUSE/REUSE/TestChangeDistiller/java_samples_After/Circle_AFTER.java
Changes: -964.6487367825617
CROSS-ENTROPY-LEFT: -6.652749908845253
CROSS-ENTROPY-RIGHT: -6.652749908845253
CROSS-ENTROPY-AVG: -4.445385883790607
CROSS-ENTROPY-DIFF: 0.0

/Users/ashleychen/Desktop/REUSE/REUSE/TestChangeDistiller/java_samples_After/Test2Right.java
Changes: -37.88489551797166
CROSS-ENTROPY-LEFT: -5.412127931138808
CROSS-ENTROPY-RIGHT: -5.412127931138808
CROSS-ENTROPY-AVG: -3.7884895517971655
CROSS-ENTROPY-DIFF: 0.0

/Users/ashleychen/Desktop/REUSE/REUSE/TestChangeDistiller/java_samples_After/TestRightNoComments.java
Changes: -1786.5376002893624
CROSS-ENTROPY-LEFT: -8.309477210648197
CROSS-ENTROPY-RIGHT: -8.309477210648197
CROSS-ENTROPY-AVG: -5.548253417047709
CROSS-ENTROPY-DIFF: 0.0