/Users/ashleychen/Desktop/REUSE/REUSE/TestChangeDistiller/java_samples_Before/Circle_BEFORE.java
Changes: -961.1607812387382
CROSS-ENTROPY-LEFT: -6.628695043025781
CROSS-ENTROPY-RIGHT: -6.628695043025781
CROSS-ENTROPY-AVG: -4.429312355938886
CROSS-ENTROPY-DIFF: 0.0

/Users/ashleychen/Desktop/REUSE/REUSE/TestChangeDistiller/java_samples_Before/Test2Left.java
Changes: -37.95889609941543
CROSS-ENTROPY-LEFT: -4.744862012426929
CROSS-ENTROPY-RIGHT: -4.744862012426929
CROSS-ENTROPY-AVG: -3.163241341617953
CROSS-ENTROPY-DIFF: 0.0

/Users/ashleychen/Desktop/REUSE/REUSE/TestChangeDistiller/java_samples_Before/TestLeftNoComments.java
Changes: -1864.9178233801647
CROSS-ENTROPY-LEFT: -8.476899197182567
CROSS-ENTROPY-RIGHT: -8.476899197182567
CROSS-ENTROPY-AVG: -5.651266131455045
CROSS-ENTROPY-DIFF: 0.0