/Users/ashleychen/Desktop/REUSE/REUSE/TestChangeDistiller/java_samples_Before/Circle_BEFORE.java
Changes: -961.1607812387382
CROSS-ENTROPY-LEFT: -6.628695043025781
CROSS-ENTROPY-RIGHT: -6.628695043025781
CROSS-ENTROPY-AVG: -4.429312355938886
CROSS-ENTROPY-DIFF: 0.0

/Users/ashleychen/Desktop/REUSE/REUSE/TestChangeDistiller/java_samples_Before/Test2Left.java
Changes: -37.95889609941543
CROSS-ENTROPY-LEFT: -4.744862012426929
CROSS-ENTROPY-RIGHT: -5.4226994427736335
CROSS-ENTROPY-AVG: -3.450808736310494
CROSS-ENTROPY-DIFF: 0.6778374303467043

/Users/ashleychen/Desktop/REUSE/REUSE/TestChangeDistiller/java_samples_Before/TestLeftNoComments.java
Changes: -1864.9178233801647
CROSS-ENTROPY-LEFT: -8.476899197182567
CROSS-ENTROPY-RIGHT: -8.67403638781472
CROSS-ENTROPY-AVG: -5.703112609725275
CROSS-ENTROPY-DIFF: 0.1971371906321533